   1         "t+ay"   14  100.382500  37.344650  46.092468
   2         "t+uw"   78  563.304932 234.823288 246.717484
   3         "t-uw"   78  390.123047 298.601196 1486.325439
   4           "ow"   43  518.947632 795.189880 370.671082
   5           "sp" 1001  18666.169922
   6         "ax-l"   60   63.618401  79.851730 275.868073
   7         "ax-n"    1    1.000104   0.999963   0.999963
   8         "ay-n"   76  457.552917 294.873108 193.018082
   9         "ay-v"   64  315.715363 154.835281 366.669495
  10      "y-ah+ng"   18   36.959011  28.280483  40.058784
  11         "l+ao"   16  150.508469  47.606384  88.144318
  12         "l+iy"   14   80.188293  17.310108  22.681923
  13         "l-ao"   16   75.410225 325.315948 143.740768
  14         "l-ax"   14   49.386490  44.605942 158.925720
  15         "l-iy"   14   40.436344 298.173401 190.707108
  16       "d-ey+v"   12   22.107431  38.303650  99.400574
  17         "d+ay"   60   85.966789 442.010315 190.419266
  18         "d+ey"   12   63.134258 106.273453  41.478176
  19        "jh+uw"    8   32.210464  15.977748  77.638672
  20      "uw-l+ia"    7   19.259773   7.155326  15.511294
  21       "k-ao+l"   34   41.604866  37.305157  59.786167
  22       "s-ih+k"   68  121.562111 227.359711 993.041199
  23         "th+r"   76  425.031525 962.807373 318.275970
  24      "th-r+iy"   76  229.389252 261.173492 217.406647
  25       "s-t+iy"   14   57.900524  39.894184  36.130508
  26       "l-y+ax"    1    6.864433   9.724049   8.404050
  27         "n+ay"   76  115.602448 159.679230 375.201874
  28       "f-ow+n"   46  125.796555 278.942535 194.547302
  29       "w-ah+n"   67  376.577057 439.651367 232.971466
  30         "f+ao"   61  298.657166 671.201416 206.396088
  31         "f+ay"   64  317.691864 715.517334 197.679398
  32         "f+ih"    7   27.835375  83.855812  12.284521
  33         "f+ow"   46  268.833649 501.021362 150.750778
  34         "f-ao"   61  213.103043 915.281921 500.449707
  35         "uh-d"   18   53.697727  35.921844 108.314705
  36         "w+ah"   67  185.005402 244.112137 304.584106
  37         "w+uh"   18   78.932632  41.114609  52.762882
  38      "ia-r+ow"   66  210.424911 172.259979 175.536636
  39       "y-ax+n"    1    0.999995   1.000603   1.006518
  40      "ay-ax+l"   60   60.417454 116.458710 105.811089
  41          "k-s"   68   94.042793 108.013245 151.916733
  42      "ay-l+ax"   14   36.278263  35.071133 274.100769
  43       "uw-l+y"    1    0.999994   0.999994   0.999994
  44          "s+t"   14   81.511436 104.860329  56.204365
  45          "sil"  280  2418.266602 18666.169922 6891.410156
  46          "v-n"   62   94.109337 130.107437 495.723083
  47         "ey+t"   71  576.218445 366.446777 962.678589
  48         "ey-t"   71  491.753937 222.972137 488.544586
  49         "ey-v"   12   64.253532  85.933792 153.640198
  50      "jh-uw+l"    8   20.113449  20.552769  19.700003
  51       "f-ih+l"    7   11.117442  22.777212  45.763557
  52       "l-ia+n"    7   15.343124 112.643166  31.022177
  53         "y+ah"   18  137.372299 170.403336  96.466278
  54       "f-ay+v"   64  113.083511 151.723495 922.118896
  55       "w-uh+d"   18  295.103760  85.687691 131.221375
  56         "ow-n"   46  108.642967 118.944450 469.174774
  57       "s-eh+v"   62  224.755569 598.741760 240.282486
  58         "z+ia"   66  240.765121 234.031281 267.267975
  59       "n-ay+n"   76  179.554840 338.619568 1021.518494
  60       "z-ia+r"   66  297.991730 505.058502 479.340912
  61       "t-iy+v"   14   35.895134  90.692543  28.014521
  62         "r-iy"   76  374.345825 549.780396 431.459991
  63         "r-ow"   66  102.870872 303.372192 300.826935
  64      "d-ay+ax"   60  118.977722 221.749390 611.931763
  65       "t-ay+l"   14   20.652729  23.035494  27.926048
  66       "eh-v+n"   62  139.412903 221.840057 202.144211
  67       "ih-k+s"   68  507.524902 497.941498 220.804977
  68         "s+eh"   62  316.678345 636.300842 179.014420
  69         "s+ih"   68  310.584778 670.640686 123.545525
  70         "s+uw"    8   48.437420  74.494057  22.616844
  71         "ia-n"    7   23.068586  15.386906  12.533456
  72         "s-uw"    8   17.199633  32.000942 122.723717
  73        "ah-ng"   18  155.720581 183.410355 180.779388
  74         "ih-l"    7   12.651809  15.168596  65.835068
  75         "k+ao"   34   67.921669  44.547142 284.570862
  76         "ah-n"   67  174.932510 196.634338 479.342804
  77         "iy-v"   14   35.840416  32.698807  78.025505
  78         "ao-l"   34  231.342133 191.276840 590.142517
